3 0.652344 0.463867 0.0729167 0.0898438
3 0.061849 0.65918 0.123698 0.0878906
3 0.278646 0.435547 0.0572917 0.0742188
3 0.791667 0.470215 0.0598958 0.0712891
3 0.304688 0.435547 0.03125 0.0566406
3 0.339844 0.438965 0.0390625 0.0478516
3 0.0885417 0.446777 0.0546875 0.0478516
3 0.142578 0.447266 0.0429688 0.0449219
3 0.212891 0.421875 0.0351562 0.0429688
3 0.3125 0.384766 0.0364583 0.0429688
3 0.186849 0.410156 0.0455729 0.0390625
3 0.0201823 0.448242 0.0403646 0.0390625
3 0.539714 0.706055 0.154948 0.0996094
