1 0.817708 0.478027 0.291667 0.135742
1 0.190104 0.449707 0.272569 0.135742
1 0.625868 0.535156 0.164931 0.130859
5 0.555556 0.0986328 0.756944 0.121094
1 0.259549 0.583008 0.307292 0.117188
1 0.15191 0.293945 0.161458 0.111328
1 0.243924 0.388672 0.276042 0.0996094
1 0.493056 0.273926 0.229167 0.0908203
1 0.5625 0.365234 0.25 0.0859375
1 0.485243 0.438965 0.199653 0.0849609
1 0.75434 0.343262 0.244792 0.0830078
1 0.836806 0.242676 0.149306 0.0576172
1 0.0512153 0.197266 0.0607639 0.0546875
1 0.263889 0.200684 0.0972222 0.0498047
1 0.844618 0.115234 0.0642361 0.0390625
1 0.914931 0.050293 0.0451389 0.0341797
1 0.757812 0.0566406 0.0572917 0.0253906
1 0.326389 0.074707 0.0659722 0.0205078
1 0.680556 0.0834961 0.0555556 0.0166016
