7 0.298177 0.597168 0.177083 0.0732422
1 0.10612 0.0966797 0.0898438 0.0605469
1 0.177083 0.140625 0.0833333 0.0566406
1 0.275391 0.165039 0.0742188 0.0546875
1 0.130859 0.0463867 0.126302 0.0537109
1 0.0514323 0.164062 0.102865 0.0546875
1 0.0292969 0.0791016 0.0585938 0.0527344
7 0.796875 0.512695 0.164062 0.0488281
1 0.434896 0.219727 0.09375 0.046875
1 0.235026 0.0839844 0.0872396 0.046875
5 0.0742188 0.228027 0.148438 0.0478516
1 0.82487 0.168457 0.10026 0.0439453
1 0.326823 0.129883 0.0546875 0.0429688
1 0.264974 0.116211 0.0690104 0.0390625
1 0.63737 0.323242 0.0898438 0.0390625
1 0.510417 0.165527 0.078125 0.0380859
1 0.354818 0.182129 0.0559896 0.0361328
1 0.752604 0.265137 0.0833333 0.0341797
1 0.727214 0.187988 0.0585938 0.0341797
1 0.539062 0.243164 0.0755208 0.0332031
1 0.660156 0.192383 0.0651042 0.03125
1 0.431641 0.166504 0.0533854 0.0302734
1 0.107422 0.0146484 0.115885 0.0292969
1 0.807943 0.241699 0.0585938 0.0283203
1 0.860026 0.217285 0.0664062 0.0283203
1 0.516927 0.210938 0.0651042 0.0253906
1 0.410807 0.138184 0.0611979 0.0244141
1 0.639974 0.161621 0.0768229 0.0224609
1 0.852214 0.283203 0.0559896 0.0214844
