5 0.412109 0.528809 0.259115 0.137695
1 0.921875 0.325684 0.153646 0.125977
5 0.264974 0.9375 0.251302 0.123047
7 0.688802 0.430664 0.0598958 0.0859375
1 0.73112 0.508301 0.0638021 0.0830078
1 0.536458 0.875488 0.190104 0.0771484
1 0.946615 0.426758 0.104167 0.0742188
1 0.972005 0.383789 0.0559896 0.0722656
1 0.901042 0.54248 0.0885417 0.0654297
1 0.6875 0.503906 0.0416667 0.0644531
1 0.622396 0.557129 0.0364583 0.0634766
5 0.544271 0.798828 0.119792 0.0605469
1 0.811849 0.555176 0.0898438 0.0595703
1 0.600911 0.495117 0.0585938 0.0585938
5 0.783203 0.717285 0.204427 0.0517578
1 0.921224 0.598633 0.10026 0.0410156
1 0.968099 0.651855 0.0638021 0.0380859
1 0.869792 0.5625 0.0989583 0.0371094
