3 0.523438 0.535645 0.109375 0.0966797
3 0.645833 0.458984 0.0572917 0.078125
3 0.81901 0.460938 0.0729167 0.0722656
3 0.578776 0.462402 0.0377604 0.0673828
3 0.386068 0.430176 0.0351562 0.0556641
3 0.261719 0.437012 0.0442708 0.0517578
3 0.0546875 0.435059 0.03125 0.0517578
3 0.417969 0.428223 0.0364583 0.0439453
3 0.289062 0.402832 0.0364583 0.0439453
3 0.094401 0.425781 0.0351562 0.0429688
3 0.844401 0.431152 0.0377604 0.0419922
3 0.86849 0.438965 0.0182292 0.0380859
3 0.235026 0.42627 0.0273438 0.0361328
3 0.328125 0.428711 0.03125 0.0332031
3 0.136068 0.425293 0.0195312 0.0322266
3 0.690104 0.428223 0.0234375 0.0263672
3 0.561849 0.422852 0.0377604 0.0371094
