1 0.548611 0.504395 0.135417 0.0556641
1 0.949653 0.541992 0.0972222 0.0664062
1 0.387153 0.329102 0.131944 0.0585938
1 0.733507 0.253906 0.151042 0.0664062
1 0.46875 0.21582 0.118056 0.0566406
1 0.27691 0.225098 0.0954861 0.0458984
1 0.332465 0.238281 0.0642361 0.0527344
1 0.239583 0.246582 0.0659722 0.0458984
1 0.775174 0.121582 0.0920139 0.0322266
1 0.243924 0.141602 0.0572917 0.0390625
1 0.766493 0.0737305 0.0885417 0.0322266
1 0.697917 0.043457 0.0659722 0.0419922
1 0.348958 0.41748 0.0729167 0.0712891
1 0.385417 0.200684 0.0659722 0.0439453
1 0.513021 0.126953 0.0538194 0.0449219
1 0.966146 0.135742 0.0642361 0.0976562
