1 0.722005 0.151367 0.160156 0.210938
1 0.772135 0.301758 0.161458 0.125
1 0.83724 0.199219 0.182292 0.125
1 0.888672 0.0996094 0.222656 0.113281
5 0.897135 0.438965 0.203125 0.108398
5 0.507812 0.636719 0.255208 0.0996094
1 0.817057 0.860352 0.217448 0.0976562
1 0.561849 0.3125 0.0585938 0.0878906
1 0.960286 0.175781 0.0794271 0.0859375
5 0.587891 0.536621 0.178385 0.0830078
1 0.526693 0.351074 0.0794271 0.0810547
1 0.708984 0.319824 0.173177 0.0810547
5 0.40625 0.703613 0.125 0.0751953
1 0.405599 0.766113 0.0690104 0.0751953
5 0.440104 0.495605 0.161458 0.0634766
1 0.735026 0.427734 0.0638021 0.0585938
1 0.796224 0.412109 0.0950521 0.0527344
1 0.785807 0.427246 0.0794271 0.0439453
1 0.630859 0.376953 0.0664062 0.0429688
1 0.563802 0.402832 0.0963542 0.0419922
1 0.670573 0.420898 0.0911458 0.0410156
1 0.698568 0.398438 0.0507812 0.03125
