1 0.478516 0.517578 0.483073 0.330078
1 0.394531 0.104492 0.208333 0.208984
1 0.871745 0.716797 0.167969 0.185547
1 0.822266 0.565918 0.134115 0.143555
1 0.92513 0.541504 0.0924479 0.124023
1 0.921224 0.437012 0.157552 0.112305
1 0.94987 0.79541 0.10026 0.0771484
1 0.78776 0.916504 0.0703125 0.0634766
1 0.875651 0.871582 0.0976562 0.0615234
1 0.284505 0.848145 0.0768229 0.0517578
1 0.744141 0.786621 0.0742188 0.0517578
1 0.678385 0.77832 0.0494792 0.0507812
1 0.483724 0.915527 0.144531 0.0498047
1 0.401693 0.844727 0.0924479 0.0449219
1 0.638021 0.86084 0.078125 0.0439453
1 0.157552 0.905273 0.114583 0.0429688
1 0.0358073 0.924805 0.0716146 0.0429688
1 0.551432 0.818848 0.0950521 0.0419922
1 0.768229 0.743652 0.0494792 0.0400391
1 0.513672 0.868164 0.0716146 0.0390625
1 0.205078 0.863281 0.0846354 0.0371094
1 0.602865 0.80127 0.0755208 0.0302734
1 0.697266 0.851074 0.0455729 0.0849609
