1 0.600911 0.259277 0.438802 0.22168
5 0.30013 0.0776367 0.60026 0.155273
1 0.447266 0.367188 0.0898438 0.0859375
1 0.251302 0.838379 0.179688 0.0693359
5 0.560547 0.699219 0.170573 0.0625
5 0.472005 0.650391 0.128906 0.0605469
1 0.320312 0.428711 0.132812 0.0527344
1 0.317708 0.468262 0.0625 0.0517578
1 0.34375 0.385742 0.109375 0.0488281
1 0.407552 0.479004 0.0911458 0.0478516
1 0.0390625 0.445801 0.078125 0.0439453
1 0.0351562 0.543457 0.0703125 0.0439453
1 0.0494792 0.621582 0.0989583 0.0439453
1 0.227214 0.418945 0.10026 0.0429688
1 0.116536 0.449707 0.115885 0.0419922
1 0.169922 0.516113 0.0950521 0.0419922
1 0.211589 0.455078 0.0898438 0.0390625
1 0.468099 0.431641 0.110677 0.0351562
1 0.320964 0.496094 0.0742188 0.0332031
