1 0.248047 0.232422 0.03125 0.0716146
1 0.218262 0.182943 0.0244141 0.0507812
1 0.608398 0.526042 0.0234375 0.0494792
1 0.781738 0.509766 0.0380859 0.0716146
1 0.823242 0.647786 0.0332031 0.0716146
1 0.890137 0.367188 0.0283203 0.0338542
1 0.984863 0.463542 0.0283203 0.190104
1 0.265137 0.882812 0.0419922 0.161458
1 0.20459 0.954427 0.0283203 0.078125
1 0.312988 0.140625 0.0205078 0.0651042
1 0.348633 0.135417 0.0195312 0.0598958
1 0.519531 0.548177 0.0253906 0.0572917
1 0.299805 0.442057 0.0214844 0.0690104
1 0.304688 0.0540365 0.0234375 0.0481771
1 0.210449 0.405599 0.0185547 0.0638021
1 0.211426 0.354818 0.0302734 0.0247396
1 0.23584 0.483724 0.0166016 0.0455729
1 0.272949 0.52474 0.0205078 0.0572917
1 0.19873 0.505859 0.0224609 0.0533854
