5 0.09375 0.428223 0.151042 0.120117
1 0.604167 0.0483398 0.0677083 0.0966797
1 0.0644531 0.0688477 0.128906 0.0908203
5 0.0742188 0.148438 0.148438 0.0683594
5 0.11849 0.254395 0.164062 0.0654297
1 0.0800781 0.027832 0.160156 0.0556641
1 0.221354 0.17627 0.0833333 0.0498047
1 0.445964 0.609375 0.16276 0.0449219
5 0.9375 0.467773 0.122396 0.0449219
1 0.519531 0.308105 0.0911458 0.0400391
1 0.647786 0.239258 0.0585938 0.0390625
1 0.337891 0.212891 0.0950521 0.0371094
1 0.322917 0.254883 0.0807292 0.0332031
1 0.744792 0.265625 0.0625 0.0332031
1 0.573568 0.286133 0.0950521 0.0332031
1 0.873698 0.237793 0.0729167 0.0322266
1 0.913411 0.296875 0.0638021 0.03125
1 0.423828 0.253906 0.0924479 0.03125
7 0.616536 0.572266 0.0794271 0.03125
1 0.733073 0.262207 0.0625 0.0302734
1 0.778646 0.271973 0.0572917 0.0283203
1 0.65625 0.538086 0.0911458 0.0273438
1 0.749349 0.302734 0.0664062 0.0273438
1 0.565104 0.532227 0.0625 0.0253906
1 0.96875 0.26709 0.0598958 0.0244141
1 0.852865 0.286133 0.0546875 0.0234375
1 0.867188 0.263672 0.0651042 0.0214844
1 0.732422 0.0405273 0.147135 0.0810547
