1 0.369792 0.591797 0.305556 0.148438
1 0.590278 0.555176 0.284722 0.137695
1 0.532118 0.330566 0.157986 0.129883
1 0.572917 0.428223 0.1875 0.125977
1 0.837674 0.619629 0.182292 0.118164
1 0.09375 0.513672 0.184028 0.115234
1 0.30816 0.464355 0.119792 0.110352
1 0.376736 0.39502 0.152778 0.102539
1 0.851562 0.369629 0.168403 0.102539
1 0.744792 0.349121 0.131944 0.100586
1 0.143229 0.431641 0.157986 0.0996094
1 0.806424 0.465332 0.220486 0.0947266
1 0.939236 0.355957 0.118056 0.0908203
1 0.855035 0.527344 0.196181 0.0878906
1 0.292535 0.306152 0.0989583 0.0869141
1 0.606771 0.308105 0.133681 0.0869141
5 0.0954861 0.149414 0.190972 0.0722656
1 0.446181 0.0986328 0.0868056 0.0390625
1 0.892361 0.0673828 0.0902778 0.0332031
1 0.657986 0.0898438 0.0451389 0.0234375
