1 0.416667 0.668945 0.190104 0.292969
1 0.850911 0.580078 0.175781 0.269531
1 0.229167 0.550781 0.104167 0.248047
1 0.527344 0.300293 0.135417 0.208008
1 0.504557 0.402832 0.0742188 0.149414
1 0.41276 0.504395 0.106771 0.0888672
1 0.694661 0.708496 0.160156 0.0849609
1 0.578125 0.794434 0.231771 0.0810547
1 0.174479 0.818359 0.0546875 0.078125
1 0.241536 0.823242 0.0690104 0.0742188
1 0.39388 0.886719 0.147135 0.0722656
1 0.245443 0.755371 0.0716146 0.0693359
1 0.242188 0.964844 0.0911458 0.0683594
1 0.0605469 0.894043 0.121094 0.0673828
1 0.0970052 0.950195 0.0533854 0.0605469
1 0.153646 0.890137 0.0911458 0.0537109
