5 0.5 0.467773 0.151042 0.148438
1 0.277995 0.0610352 0.425781 0.12207
1 0.10026 0.205566 0.114583 0.0849609
5 0.182943 0.474609 0.0924479 0.0527344
1 0.298828 0.708008 0.0820312 0.0507812
1 0.127604 0.414551 0.0260417 0.0419922
1 0.0683594 0.541504 0.0455729 0.0400391
5 0.369792 0.602051 0.0859375 0.0400391
1 0.561198 0.269531 0.0494792 0.0371094
5 0.516276 0.683105 0.0533854 0.0361328
1 0.0638021 0.444824 0.0755208 0.0341797
7 0.0657552 0.772949 0.113281 0.0341797
1 0.598958 0.575684 0.0859375 0.0302734
1 0.23112 0.427734 0.0898438 0.0292969
1 0.34375 0.412109 0.0885417 0.0292969
1 0.61849 0.436523 0.0859375 0.0292969
1 0.529948 0.524902 0.0625 0.0283203
1 0.667318 0.466797 0.0872396 0.0273438
1 0.406901 0.446777 0.0872396 0.0263672
1 0.288411 0.475586 0.0846354 0.0253906
1 0.197266 0.416016 0.0846354 0.0253906
1 0.285156 0.458984 0.046875 0.0253906
1 0.673177 0.436035 0.0807292 0.0244141
1 0.464844 0.430176 0.0677083 0.0244141
1 0.69987 0.535156 0.0299479 0.0234375
1 0.69987 0.550781 0.0143229 0.0136719
1 0.659505 0.556152 0.0273438 0.0107422
1 0.678385 0.578125 0.0130208 0.00976562
1 0.746745 0.558105 0.0221354 0.00878906
1 0.669922 0.565918 0.0143229 0.00878906
