3 0.716146 0.617676 0.0755208 0.0810547
3 0.291016 0.556152 0.0429688 0.0556641
3 0.147135 0.560059 0.0442708 0.0537109
3 0.188151 0.561035 0.0299479 0.0478516
3 0.0670573 0.563965 0.0768229 0.0478516
3 0.222005 0.560547 0.0247396 0.046875
3 0.399089 0.523438 0.0585938 0.0449219
3 0.614583 0.482422 0.0416667 0.0429688
3 0.0924479 0.547363 0.0494792 0.0400391
3 0.337891 0.526367 0.0299479 0.0371094
3 0.0488281 0.530762 0.0377604 0.0361328
3 0.728516 0.47998 0.0403646 0.0302734
3 0.247396 0.569824 0.0494792 0.0283203
3 0.527344 0.547363 0.0390625 0.0244141
3 0.0130208 0.553223 0.0260417 0.0185547
3 0.787109 0.745117 0.279948 0.0742188
