1 0.178385 0.84082 0.148438 0.0957031
5 0.321615 0.415039 0.164062 0.0722656
1 0.373698 0.0678711 0.104167 0.0673828
1 0.047526 0.171387 0.0898438 0.0654297
5 0.403646 0.569336 0.195312 0.0585938
5 0.761068 0.460938 0.230469 0.0585938
1 0.448568 0.0678711 0.136719 0.0576172
1 0.42513 0.472656 0.154948 0.0566406
1 0.078125 0.57959 0.15625 0.0537109
1 0.451823 0.214844 0.114583 0.0429688
1 0.0436198 0.40625 0.0872396 0.0429688
1 0.375651 0.188477 0.102865 0.0351562
1 0.458984 0.0200195 0.134115 0.0341797
1 0.98112 0.303223 0.0377604 0.0712891
