5 0.310547 0.463867 0.410156 0.158203
1 0.611979 0.735352 0.447917 0.134766
1 0.915365 0.439941 0.166667 0.0771484
5 0.934896 0.807129 0.127604 0.0712891
1 0.645833 0.574219 0.221354 0.0703125
1 0.795573 0.799805 0.15625 0.0703125
1 0.847656 0.597168 0.135417 0.0654297
1 0.84375 0.524414 0.111979 0.0644531
1 0.697266 0.600586 0.178385 0.0625
1 0.21875 0.973145 0.247396 0.0537109
1 0.472656 0.619629 0.0729167 0.0458984
1 0.25651 0.566406 0.148438 0.0449219
1 0.0651042 0.878418 0.125 0.0419922
1 0.55599 0.646973 0.046875 0.0400391
1 0.0416667 0.644043 0.0833333 0.0341797
1 0.330078 0.59668 0.0898438 0.0332031
1 0.0924479 0.661133 0.0989583 0.0332031
7 0.0514323 0.978027 0.102865 0.0439453
