5 0.250651 0.0551758 0.308594 0.106445
5 0.0605469 0.144043 0.11849 0.106445
5 0.238932 0.394531 0.170573 0.0800781
5 0.541016 0.262207 0.123698 0.0751953
5 0.829427 0.359375 0.252604 0.0683594
1 0.224609 0.0839844 0.126302 0.0507812
1 0.582031 0.106934 0.0963542 0.0478516
1 0.875 0.117188 0.078125 0.0429688
1 0.411458 0.20166 0.117188 0.0400391
1 0.724609 0.15918 0.0898438 0.0390625
1 0.958333 0.246094 0.0807292 0.0390625
1 0.28125 0.143555 0.138021 0.0371094
1 0.434896 0.185059 0.114583 0.0361328
1 0.684245 0.186523 0.10026 0.0351562
1 0.657552 0.155273 0.119792 0.0351562
1 0.854167 0.179688 0.0911458 0.0351562
1 0.261719 0.151367 0.119792 0.0351562
1 0.770833 0.17041 0.0651042 0.0341797
1 0.658854 0.14209 0.0885417 0.0322266
7 0.542969 0.497559 0.09375 0.0322266
1 0.936198 0.152832 0.0833333 0.0322266
1 0.712891 0.445312 0.0872396 0.03125
1 0.59375 0.135742 0.0807292 0.03125
1 0.817057 0.13916 0.0872396 0.0302734
1 0.803385 0.437988 0.0729167 0.0244141
