7 0.477051 0.159505 0.0908203 0.201823
1 0.960938 0.338542 0.0761719 0.114583
1 0.722656 0.327474 0.0214844 0.0846354
1 0.30957 0.334635 0.0214844 0.078125
1 0.574219 0.203125 0.0195312 0.0651042
1 0.258789 0.785807 0.0292969 0.0507812
1 0.95166 0.445312 0.0126953 0.0494792
1 0.593262 0.885417 0.0185547 0.0390625
1 0.213867 0.858724 0.0292969 0.0377604
1 0.79248 0.89388 0.0146484 0.0351562
1 0.76123 0.532552 0.0322266 0.0338542
1 0.95459 0.888021 0.0185547 0.0338542
1 0.885742 0.944661 0.0175781 0.0325521
1 0.562988 0.397786 0.0107422 0.0325521
1 0.828613 0.867188 0.0146484 0.03125
1 0.408203 0.307943 0.00585938 0.0247396
1 0.507812 0.326823 0.0136719 0.0234375
1 0.626953 0.808594 0.0117188 0.0182292
1 0.553711 0.344401 0.00976562 0.0169271
1 0.611328 0.879557 0.015625 0.0169271
1 0.42627 0.386068 0.00878906 0.00911458
7 0.303711 0.480469 0.0664062 0.208333
