2 0.817708 0.658691 0.200521 0.110352
2 0.577474 0.59668 0.269531 0.101562
2 0.177734 0.749023 0.108073 0.0800781
2 0.397786 0.641113 0.188802 0.0791016
2 0.343099 0.826172 0.126302 0.0722656
2 0.339844 0.606934 0.231771 0.0673828
2 0.291016 0.73291 0.108073 0.0595703
2 0.719401 0.477539 0.152344 0.0507812
2 0.95638 0.532227 0.0742188 0.0410156
2 0.863281 0.339844 0.0885417 0.0351562
2 0.0533854 0.656738 0.106771 0.0322266
2 0.94987 0.692871 0.0846354 0.0283203
2 0.171224 0.675293 0.16276 0.0478516
