1 0.847656 0.0922852 0.302083 0.174805
1 0.751953 0.215332 0.188802 0.12793
5 0.658854 0.456543 0.346354 0.106445
1 0.610677 0.212891 0.127604 0.0996094
1 0.656901 0.858398 0.30599 0.0996094
1 0.538411 0.30957 0.0481771 0.0957031
1 0.645182 0.299805 0.0377604 0.0878906
5 0.320964 0.756348 0.144531 0.0830078
5 0.373047 0.616699 0.24349 0.0810547
5 0.472656 0.522461 0.242188 0.0800781
1 0.972656 0.273926 0.0520833 0.0751953
1 0.527995 0.819824 0.214844 0.0751953
1 0.542318 0.407715 0.0950521 0.0654297
1 0.604167 0.382324 0.0677083 0.0595703
1 0.817708 0.460449 0.09375 0.0576172
1 0.432292 0.381348 0.09375 0.0498047
1 0.69401 0.380371 0.174479 0.0498047
1 0.553385 0.377441 0.0494792 0.0478516
1 0.947266 0.47168 0.102865 0.0371094
1 0.669922 0.427246 0.0611979 0.0302734
1 0.714193 0.414062 0.0690104 0.0292969
1 0.716146 0.44043 0.0651042 0.0273438
1 0.75 0.460449 0.0598958 0.0263672
1 0.779948 0.483887 0.0520833 0.0263672
1 0.857422 0.45752 0.0794271 0.0380859
