5 0.901042 0.416016 0.195312 0.0859375
1 0.0852865 0.340332 0.170573 0.0830078
5 0.845703 0.597656 0.259115 0.0761719
1 0.178385 0.883301 0.078125 0.0732422
5 0.159505 0.609863 0.186198 0.0712891
1 0.284505 0.390137 0.170573 0.0517578
1 0.35026 0.370117 0.179688 0.0507812
1 0.488932 0.490723 0.108073 0.0458984
1 0.33724 0.549805 0.177083 0.0449219
1 0.0625 0.461914 0.125 0.0449219
1 0.422526 0.423828 0.14974 0.0429688
1 0.395182 0.482422 0.134115 0.0429688
1 0.244792 0.433105 0.127604 0.0361328
1 0.174479 0.453613 0.109375 0.0361328
1 0.485026 0.443359 0.0794271 0.0351562
1 0.015625 0.413086 0.03125 0.03125
5 0.686849 0.690918 0.285156 0.108398
