2 0.310764 0.283203 0.0972222 0.0644531
2 0.397569 0.342773 0.100694 0.0546875
2 0.71441 0.303711 0.112847 0.0488281
2 0.692708 0.684082 0.0833333 0.0458984
2 0.651042 0.365234 0.121528 0.0449219
2 0.161458 0.459961 0.0798611 0.0449219
2 0.524306 0.0961914 0.104167 0.0439453
2 0.935764 0.180664 0.118056 0.0429688
2 0.119792 0.319336 0.0868056 0.0429688
2 0.616319 0.29834 0.0659722 0.0419922
2 0.844618 0.656738 0.0677083 0.0419922
2 0.807292 0.803711 0.0902778 0.0410156
2 0.111979 0.603516 0.0954861 0.0390625
2 0.111979 0.553711 0.0920139 0.0371094
2 0.277778 0.95752 0.0555556 0.0361328
2 0.460069 0.868164 0.0625 0.0351562
2 0.371528 0.221191 0.0798611 0.0341797
2 0.945312 0.721191 0.0364583 0.0341797
2 0.900174 0.76123 0.0434028 0.0341797
2 0.986979 0.215332 0.0225694 0.0341797
2 0.930556 0.30957 0.0694444 0.0332031
2 0.395833 0.510742 0.0729167 0.0292969
2 0.570312 0.428711 0.078125 0.0292969
2 0.564236 0.985352 0.0868056 0.0273438
2 0.0694444 0.406738 0.104167 0.0244141
2 0.451389 0.00683594 0.0798611 0.0136719
