3 0.623047 0.455078 0.33724 0.134766
3 0.0345052 0.235352 0.0690104 0.126953
3 0.117839 0.132812 0.0976562 0.0917969
3 0.820964 0.170898 0.0742188 0.0859375
3 0.51237 0.133301 0.0533854 0.0693359
3 0.0266927 0.136719 0.0481771 0.0683594
3 0.21224 0.135742 0.0494792 0.0566406
3 0.454427 0.142578 0.0442708 0.0566406
3 0.871094 0.154785 0.0598958 0.0556641
3 0.341797 0.0981445 0.0247396 0.0458984
3 0.369792 0.109863 0.0338542 0.0439453
3 0.464844 0.0703125 0.0390625 0.0390625
3 0.303385 0.149902 0.0651042 0.0341797
3 0.632161 0.140625 0.0299479 0.0214844
