1 0.896484 0.131348 0.147135 0.19043
5 0.472656 0.589844 0.434896 0.152344
5 0.316406 0.94043 0.377604 0.117188
1 0.182943 0.358887 0.175781 0.102539
1 0.356771 0.421875 0.164062 0.0761719
1 0.947266 0.358398 0.102865 0.0761719
1 0.0859375 0.380371 0.171875 0.0673828
1 0.766276 0.462891 0.196615 0.0644531
1 0.941406 0.460938 0.114583 0.0605469
1 0.0572917 0.476562 0.114583 0.0585938
1 0.1875 0.425293 0.179688 0.0556641
1 0.604818 0.454102 0.139323 0.046875
1 0.595052 0.414062 0.143229 0.046875
1 0.707682 0.391113 0.134115 0.0380859
