5 0.345052 0.575195 0.1875 0.130859
5 0.514974 0.530273 0.199219 0.0800781
1 0.198568 0.200195 0.191406 0.078125
1 0.944661 0.216309 0.110677 0.0771484
1 0.363281 0.227051 0.169271 0.0673828
1 0.0976562 0.338867 0.195312 0.0664062
1 0.0611979 0.28418 0.122396 0.0566406
1 0.509766 0.320312 0.175781 0.0546875
1 0.669271 0.305176 0.161458 0.0537109
1 0.27474 0.311035 0.174479 0.0517578
1 0.817057 0.290527 0.128906 0.0498047
1 0.959635 0.270508 0.078125 0.0429688
5 0.809245 0.396484 0.238281 0.0410156
1 0.858724 0.309082 0.11849 0.0380859
1 0.746745 0.227539 0.11849 0.0371094
1 0.322266 0.270508 0.157552 0.0332031
1 0.684245 0.760254 0.16276 0.0849609
