3 0.016276 0.480469 0.0325521 0.0878906
3 0.710938 0.523438 0.0598958 0.0761719
3 0.591797 0.531738 0.0664062 0.0693359
3 0.788411 0.528809 0.0585938 0.0693359
3 0.470052 0.524902 0.0572917 0.0615234
3 0.195312 0.689453 0.166667 0.0585938
3 0.292318 0.501465 0.0481771 0.0556641
3 0.154297 0.503906 0.0455729 0.0546875
3 0.248698 0.509766 0.0546875 0.0546875
3 0.88151 0.499023 0.0494792 0.0546875
3 0.417969 0.527832 0.0625 0.0537109
3 0.471354 0.675293 0.221354 0.0419922
3 0.945964 0.47998 0.0481771 0.0400391
3 0.109375 0.504395 0.0390625 0.0380859
3 0.216797 0.512695 0.0429688 0.0351562
3 0.185547 0.510254 0.0221354 0.0283203
3 0.0559896 0.510254 0.03125 0.0263672
3 0.329427 0.521973 0.0598958 0.0205078
3 0.953776 0.42627 0.0325521 0.0361328
