5 0.146973 0.753255 0.0380859 0.222656
1 0.541016 0.600911 0.0898438 0.154948
1 0.711426 0.63151 0.0498047 0.0911458
1 0.240723 0.093099 0.0244141 0.0846354
1 0.217773 0.108073 0.0234375 0.0833333
1 0.397461 0.109375 0.0273438 0.078125
1 0.198242 0.0566406 0.0273438 0.0742188
1 0.441406 0.0826823 0.015625 0.0664062
1 0.388184 0.972005 0.0205078 0.0559896
1 0.875977 0.460938 0.0332031 0.0494792
1 0.818848 0.658854 0.0205078 0.0494792
1 0.709961 0.719401 0.0292969 0.0377604
1 0.0581055 0.230469 0.0126953 0.0364583
1 0.619629 0.76237 0.0478516 0.0325521
1 0.520996 0.255859 0.0126953 0.0273438
1 0.3125 0.736979 0.0273438 0.0260417
1 0.0336914 0.23112 0.0107422 0.0247396
1 0.152832 0.283854 0.0166016 0.0182292
1 0.367188 0.477865 0.0273438 0.0182292
1 0.0981445 0.266927 0.0185547 0.0182292
1 0.706055 0.755859 0.0410156 0.0143229
1 0.645508 0.432292 0.0292969 0.0364583
