5 0.568359 0.627441 0.652344 0.235352
5 0.591146 0.369141 0.674479 0.203125
1 0.738932 0.840332 0.199219 0.0986328
1 0.710938 0.60791 0.104167 0.0693359
1 0.191406 0.209473 0.190104 0.0615234
5 0.416667 0.479004 0.111979 0.0595703
1 0.0494792 0.223145 0.0989583 0.0556641
1 0.550781 0.275879 0.171875 0.0556641
1 0.291016 0.215332 0.102865 0.0517578
1 0.950521 0.291992 0.0963542 0.0507812
1 0.48112 0.219727 0.157552 0.0507812
1 0.598307 0.219238 0.110677 0.0478516
1 0.375651 0.256348 0.183594 0.0478516
1 0.638021 0.263184 0.117188 0.0419922
1 0.0403646 0.24707 0.0807292 0.0410156
1 0.442057 0.188965 0.147135 0.0400391
1 0.128255 0.119141 0.128906 0.0390625
1 0.669922 0.350098 0.152344 0.0380859
