5 0.550293 0.467448 0.0458984 0.210938
5 0.286133 0.216797 0.0703125 0.126302
5 0.611816 0.10612 0.116211 0.0898438
5 0.396973 0.480469 0.0810547 0.0833333
5 0.286133 0.533854 0.0625 0.0677083
1 0.39502 0.920573 0.0166016 0.0625
1 0.458984 0.873698 0.0253906 0.0572917
1 0.356934 0.873698 0.0244141 0.0546875
1 0.328125 0.710286 0.0117188 0.0533854
1 0.48291 0.563802 0.0166016 0.0520833
1 0.276855 0.767578 0.0185547 0.0507812
1 0.635254 0.860026 0.0224609 0.0429688
1 0.358398 0.961589 0.015625 0.0273438
1 0.571777 0.628255 0.0107422 0.0273438
1 0.59082 0.63151 0.0136719 0.0234375
1 0.585449 0.589844 0.0126953 0.0234375
1 0.31543 0.740885 0.00976562 0.0208333
1 0.376953 0.278646 0.0078125 0.0208333
1 0.347656 0.376953 0.0117188 0.0195312
1 0.361816 0.434896 0.00878906 0.0130208
1 0.373047 0.445964 0.00976562 0.0117188
1 0.294434 0.365885 0.0107422 0.0104167
1 0.353516 0.763672 0.0195312 0.0559896
