5 0.594238 0.611328 0.110352 0.386719
1 0.645996 0.654297 0.0361328 0.0559896
1 0.722656 0.697917 0.105469 0.0598958
1 0.337891 0.513672 0.03125 0.0221354
1 0.348145 0.327474 0.0283203 0.0195312
1 0.116211 0.427734 0.0390625 0.0195312
1 0.128906 0.732422 0.0214844 0.0638021
1 0.101074 0.830078 0.0205078 0.0325521
1 0.237793 0.747396 0.0185547 0.015625
1 0.291016 0.655599 0.00585938 0.0221354
1 0.136719 0.651693 0.03125 0.0351562
1 0.111328 0.680339 0.0332031 0.0507812
1 0.74707 0.555339 0.0292969 0.0247396
1 0.27002 0.35612 0.0166016 0.0117188
