3 0.542318 0.497559 0.21224 0.112305
3 0.0592448 0.308105 0.11849 0.112305
3 0.856771 0.263184 0.101562 0.0869141
3 0.226562 0.228516 0.0755208 0.0585938
3 0.615885 0.203613 0.0338542 0.0517578
3 0.388672 0.22998 0.0559896 0.0498047
3 0.598307 0.21582 0.0429688 0.0449219
3 0.554036 0.226562 0.0429688 0.0410156
3 0.469401 0.230469 0.0664062 0.0410156
3 0.692057 0.222168 0.0195312 0.0361328
3 0.321615 0.232422 0.0546875 0.0351562
3 0.751953 0.213379 0.0247396 0.0302734
3 0.720052 0.211914 0.0286458 0.0292969
3 0.922526 0.213379 0.0221354 0.0263672
3 0.786458 0.224609 0.0338542 0.0253906
3 0.986328 0.229004 0.0247396 0.0205078
