5 0.690104 0.588867 0.617188 0.46875
1 0.736328 0.327637 0.154948 0.0927734
1 0.316406 0.871582 0.239583 0.0751953
1 0.874349 0.913574 0.209635 0.0673828
5 0.568359 0.661621 0.136719 0.0615234
1 0.253255 0.468262 0.207031 0.0595703
1 0.943359 0.378418 0.108073 0.0576172
1 0.416667 0.579102 0.0546875 0.0429688
5 0.533854 0.729492 0.138021 0.0429688
1 0.0957031 0.686035 0.113281 0.0380859
1 0.140625 0.498535 0.0442708 0.0341797
1 0.385417 0.568848 0.0989583 0.0341797
1 0.217448 0.587402 0.117188 0.0322266
1 0.176432 0.562988 0.113281 0.0322266
1 0.292969 0.536133 0.0989583 0.03125
1 0.483073 0.5625 0.0755208 0.0292969
1 0.261068 0.534668 0.0690104 0.0283203
1 0.386719 0.521973 0.0677083 0.0283203
1 0.078776 0.546387 0.0507812 0.0263672
1 0.526042 0.543945 0.106771 0.0253906
1 0.125 0.544434 0.0572917 0.0244141
1 0.251953 0.505859 0.0429688 0.0234375
1 0.411458 0.504883 0.0598958 0.0214844
