1 0.344727 0.151042 0.0488281 0.151042
1 0.317871 0.667969 0.0400391 0.125
1 0.308594 0.181641 0.0585938 0.123698
1 0.217773 0.558594 0.0332031 0.122396
1 0.21582 0.64388 0.0742188 0.113281
1 0.187012 0.580729 0.0380859 0.101562
1 0.248047 0.527995 0.046875 0.10026
1 0.0551758 0.63151 0.0322266 0.0989583
1 0.532227 0.432943 0.0351562 0.0950521
1 0.134277 0.638021 0.0361328 0.09375
1 0.334961 0.48763 0.0761719 0.0898438
1 0.32373 0.348307 0.0439453 0.0872396
1 0.155273 0.746094 0.0429688 0.0859375
1 0.116699 0.861979 0.0400391 0.0859375
1 0.366699 0.395833 0.0380859 0.0859375
1 0.285156 0.901042 0.0351562 0.0833333
1 0.105469 0.757812 0.0273438 0.0833333
1 0.133789 0.691406 0.0332031 0.0833333
1 0.29834 0.602214 0.0263672 0.0820312
1 0.157227 0.684896 0.0253906 0.0755208
1 0.265137 0.370443 0.0654297 0.0638021
1 0.369629 0.289714 0.0478516 0.0611979
1 0.183105 0.947917 0.0302734 0.0598958
1 0.252441 0.21224 0.0224609 0.0572917
1 0.208984 0.904297 0.0410156 0.0533854
1 0.400391 0.128255 0.03125 0.0533854
1 0.0737305 0.973958 0.0224609 0.0494792
1 0.0869141 0.0904948 0.0214844 0.0429688
