5 0.712402 0.695312 0.206055 0.205729
5 0.425781 0.3125 0.0761719 0.117188
1 0.522461 0.397786 0.0234375 0.0664062
1 0.540527 0.419922 0.0244141 0.0585938
1 0.558105 0.372396 0.0341797 0.0546875
1 0.579102 0.442708 0.0429688 0.0520833
1 0.280273 0.186849 0.0234375 0.0481771
1 0.580078 0.490885 0.0664062 0.046875
1 0.574219 0.339844 0.0449219 0.0442708
1 0.51123 0.284505 0.0224609 0.0429688
1 0.644043 0.417318 0.0244141 0.0403646
1 0.793945 0.379557 0.0390625 0.0377604
1 0.564453 0.240234 0.0136719 0.0247396
1 0.649414 0.486979 0.0136719 0.0208333
1 0.719727 0.42513 0.00976562 0.0195312
1 0.700684 0.431641 0.0224609 0.0117188
1 0.419434 0.477214 0.0751953 0.0429688
