7 0.325195 0.617839 0.279297 0.292969
1 0.927734 0.0846354 0.0410156 0.0859375
1 0.725586 0.833333 0.0292969 0.0625
1 0.206055 0.0722656 0.0292969 0.0533854
1 0.249023 0.0963542 0.0273438 0.0520833
1 0.978027 0.410807 0.0107422 0.0429688
1 0.359375 0.0338542 0.0683594 0.0416667
1 0.327148 0.365885 0.0195312 0.0390625
1 0.991699 0.0852865 0.0146484 0.0377604
1 0.152344 0.0852865 0.0351562 0.0325521
1 0.342285 0.015625 0.0576172 0.03125
1 0.210449 0.130208 0.0166016 0.03125
1 0.974609 0.530599 0.0429688 0.0247396
1 0.424316 0.210286 0.0576172 0.0247396
1 0.849121 0.276693 0.0556641 0.0221354
1 0.376953 0.179688 0.0253906 0.0208333
1 0.364258 0.141927 0.0234375 0.0208333
1 0.406738 0.117188 0.0556641 0.0182292
1 0.553223 0.427734 0.0361328 0.0169271
1 0.123535 0.169922 0.0322266 0.0143229
1 0.524414 0.279297 0.015625 0.0143229
