3 0.34375 0.348145 0.0963542 0.106445
3 0.529297 0.511719 0.175781 0.078125
3 0.898438 0.26709 0.0598958 0.0556641
3 0.674479 0.273438 0.0546875 0.0527344
3 0.519531 0.276367 0.0651042 0.0527344
3 0.917318 0.242676 0.0299479 0.0458984
3 0.717448 0.271484 0.0390625 0.0449219
3 0.99349 0.27002 0.0104167 0.0419922
3 0.935547 0.278809 0.0455729 0.0400391
3 0.847656 0.274902 0.0364583 0.0361328
3 0.632812 0.266602 0.0208333 0.0273438
3 0.769531 0.283203 0.117188 0.0253906
3 0.613932 0.277344 0.0481771 0.0175781
3 0.951823 0.282227 0.0442708 0.0175781
3 0.889323 0.24707 0.03125 0.015625
