1 0.677734 0.102051 0.324219 0.125977
5 0.563802 0.42334 0.385417 0.110352
1 0.0865885 0.186035 0.173177 0.0810547
1 0.102214 0.26709 0.204427 0.0791016
5 0.281901 0.592285 0.178385 0.0654297
1 0.939453 0.211914 0.121094 0.0585938
1 0.255859 0.676758 0.10026 0.0546875
5 0.51237 0.686523 0.0585938 0.0351562
1 0.702474 0.460938 0.0481771 0.03125
1 0.518229 0.337402 0.0677083 0.0283203
7 0.0546875 0.768555 0.104167 0.0273438
1 0.275391 0.50293 0.0950521 0.0253906
1 0.642578 0.525879 0.0377604 0.0244141
1 0.369141 0.44873 0.0690104 0.0244141
1 0.589193 0.441406 0.0820312 0.0234375
1 0.739583 0.564453 0.03125 0.0195312
1 0.663411 0.54248 0.0377604 0.0185547
1 0.702474 0.567383 0.0299479 0.0175781
1 0.617839 0.522461 0.00651042 0.0175781
1 0.628906 0.568359 0.0234375 0.0117188
1 0.636719 0.54834 0.0208333 0.0107422
1 0.690104 0.559082 0.0260417 0.00878906
1 0.588542 0.568848 0.0208333 0.00878906
