1 0.843262 0.235026 0.0263672 0.0742188
1 0.318848 0.800781 0.0791016 0.0729167
1 0.317871 0.26237 0.0576172 0.0716146
1 0.0537109 0.566406 0.0253906 0.0572917
1 0.350586 0.365885 0.0507812 0.0494792
1 0.521973 0.302734 0.0224609 0.0455729
1 0.717773 0.336589 0.0117188 0.0455729
1 0.285156 0.185547 0.015625 0.0429688
1 0.761719 0.214193 0.0175781 0.0429688
1 0.682129 0.138672 0.0185547 0.0377604
1 0.639648 0.0169271 0.0253906 0.0338542
1 0.776855 0.280599 0.0283203 0.0299479
1 0.460938 0.174479 0.046875 0.0234375
1 0.78125 0.49349 0.0410156 0.0234375
1 0.485352 0.25651 0.0429688 0.0208333
1 0.725098 0.410156 0.0380859 0.0208333
1 0.102051 0.190104 0.0263672 0.0208333
1 0.0834961 0.152344 0.0166016 0.0104167
7 0.386719 0.61849 0.310547 0.458333
