3 0.50651 0.73877 0.0963542 0.0869141
3 0.660156 0.494629 0.0677083 0.0849609
3 0.71224 0.493652 0.0729167 0.0830078
3 0.338542 0.468262 0.0546875 0.0654297
3 0.851562 0.503418 0.0546875 0.0634766
3 0.0403646 0.474609 0.0625 0.0585938
3 0.419271 0.467773 0.0390625 0.0449219
3 0.151693 0.465332 0.0403646 0.0439453
3 0.361328 0.461914 0.0195312 0.0429688
3 0.925781 0.471191 0.0390625 0.0419922
3 0.392578 0.464355 0.0221354 0.0400391
3 0.198568 0.473633 0.0403646 0.0351562
3 0.369141 0.408691 0.0247396 0.0322266
3 0.248698 0.445312 0.0572917 0.0214844
3 0.160807 0.763672 0.321615 0.0976562
