7 0.445312 0.702637 0.197917 0.0908203
1 0.338542 0.097168 0.0729167 0.0771484
5 0.377604 0.223633 0.169271 0.0546875
1 0.283854 0.210449 0.0598958 0.0537109
5 0.774089 0.311523 0.0585938 0.0449219
1 0.047526 0.108887 0.0950521 0.0439453
5 0.246745 0.151367 0.173177 0.0410156
1 0.0130208 0.130859 0.0260417 0.0410156
1 0.0983073 0.144043 0.10026 0.0400391
5 0.703125 0.341309 0.0729167 0.0400391
5 0.557943 0.344727 0.0559896 0.0390625
7 0.816406 0.52002 0.114583 0.0380859
5 0.508464 0.478516 0.191406 0.0351562
1 0.147135 0.200195 0.0911458 0.0351562
1 0.643229 0.189453 0.0989583 0.03125
1 0.507812 0.210938 0.0859375 0.0292969
1 0.335286 0.211914 0.0664062 0.0273438
1 0.246745 0.185059 0.0872396 0.0263672
1 0.565104 0.262207 0.078125 0.0263672
5 0.338542 0.427734 0.101562 0.0253906
1 0.688151 0.244141 0.0846354 0.0253906
1 0.727865 0.195801 0.0859375 0.0244141
1 0.776042 0.216309 0.0963542 0.0244141
1 0.521484 0.241699 0.0794271 0.0244141
1 0.373698 0.187988 0.0677083 0.0224609
1 0.598307 0.237305 0.0585938 0.0214844
1 0.83724 0.208984 0.0703125 0.0214844
1 0.609375 0.228516 0.0598958 0.0214844
1 0.770833 0.23584 0.0807292 0.0205078
1 0.639323 0.214355 0.0677083 0.0205078
1 0.874349 0.348145 0.0325521 0.0166016
1 0.836589 0.342773 0.0117188 0.0117188
1 0.914062 0.348145 0.0104167 0.0107422
