1 0.0651042 0.628906 0.130208 0.117188
1 0.383681 0.67627 0.270833 0.112305
1 0.594618 0.450195 0.234375 0.103516
5 0.68316 0.297852 0.630208 0.101562
1 0.19184 0.600098 0.168403 0.0986328
1 0.361979 0.40332 0.157986 0.0976562
1 0.395833 0.523438 0.152778 0.0976562
1 0.907118 0.493164 0.182292 0.0957031
1 0.706597 0.71582 0.177083 0.0917969
1 0.872396 0.724609 0.164931 0.0917969
1 0.608507 0.550293 0.119792 0.0908203
1 0.348958 0.577637 0.142361 0.0888672
1 0.596354 0.35791 0.171875 0.0830078
1 0.792535 0.45752 0.140625 0.0751953
1 0.211806 0.517578 0.138889 0.0742188
1 0.760417 0.575684 0.159722 0.0732422
1 0.544271 0.628418 0.137153 0.0712891
1 0.899306 0.571777 0.166667 0.0654297
1 0.888021 0.638672 0.133681 0.0585938
1 0.921007 0.21875 0.0885417 0.0351562
1 0.324653 0.300293 0.0694444 0.0224609
1 0.982639 0.169434 0.03125 0.0205078
1 0.204861 0.242676 0.0555556 0.0205078
1 0.855035 0.146484 0.0225694 0.0195312
1 0.633681 0.205078 0.0486111 0.0195312
1 0.813368 0.221191 0.0538194 0.0166016
1 0.25434 0.0644531 0.0364583 0.0136719
1 0.59809 0.103516 0.0364583 0.0117188
