1 0.414714 0.108887 0.261719 0.135742
1 0.257812 0.153809 0.166667 0.131836
1 0.19987 0.228027 0.160156 0.12207
1 0.843099 0.347656 0.313802 0.103516
1 0.142578 0.0458984 0.14974 0.0917969
5 0.492188 0.522461 0.184896 0.0878906
1 0.104818 0.216309 0.139323 0.0791016
1 0.348958 0.283691 0.140625 0.0751953
5 0.715495 0.501465 0.246094 0.0712891
1 0.196615 0.221191 0.153646 0.0615234
1 0.591797 0.367188 0.22526 0.0585938
1 0.0201823 0.235352 0.0403646 0.0585938
1 0.822917 0.240234 0.179688 0.0546875
1 0.542318 0.269043 0.173177 0.0517578
1 0.602865 0.289551 0.166667 0.0498047
1 0.89388 0.303711 0.21224 0.0429688
1 0.374349 0.299316 0.204427 0.0419922
1 0.872396 0.256836 0.148438 0.0371094
5 0.891927 0.545898 0.210938 0.0703125
