2 0.556424 0.875977 0.189236 0.113281
2 0.591146 0.346191 0.144097 0.0849609
2 0.705729 0.945312 0.140625 0.0703125
2 0.841146 0.329102 0.109375 0.0683594
2 0.0833333 0.496094 0.09375 0.0566406
2 0.62934 0.25293 0.102431 0.0507812
2 0.699653 0.467285 0.0972222 0.0478516
2 0.356771 0.819336 0.078125 0.046875
2 0.0234375 0.658691 0.046875 0.0458984
2 0.440104 0.633789 0.0642361 0.0410156
2 0.473958 0.0732422 0.0868056 0.0390625
2 0.0416667 0.566406 0.0729167 0.03125
2 0.411458 0.199219 0.0590278 0.03125
2 0.0407986 0.601562 0.0642361 0.0273438
2 0.168403 0.818848 0.0416667 0.0185547
2 0.103299 0.671875 0.046875 0.0175781
2 0.596354 0.416992 0.0572917 0.0175781
2 0.492188 0.725098 0.0329861 0.0166016
