1 0.5625 0.160156 0.101562 0.195312
1 0.161133 0.171875 0.0332031 0.0911458
1 0.305176 0.0540365 0.0361328 0.0820312
1 0.369629 0.234375 0.0556641 0.0729167
1 0.53418 0.634766 0.0449219 0.0638021
1 0.547852 0.0351562 0.0683594 0.0625
1 0.324219 0.598958 0.0585938 0.0598958
1 0.426758 0.277344 0.0253906 0.0546875
1 0.273438 0.0546875 0.0273438 0.0520833
1 0.244629 0.277995 0.0224609 0.0455729
1 0.240723 0.0520833 0.0263672 0.0442708
1 0.214844 0.0208333 0.0351562 0.0416667
1 0.476074 0.307292 0.0244141 0.0416667
1 0.429199 0.407552 0.0556641 0.0416667
1 0.290527 0.238932 0.0263672 0.0403646
1 0.177246 0.276693 0.0244141 0.0377604
1 0.34082 0.537109 0.03125 0.0351562
1 0.301758 0.6875 0.0410156 0.0390625
