3 0.552734 0.55957 0.115885 0.0976562
3 0.814453 0.474609 0.0638021 0.0878906
3 0.419922 0.520996 0.0690104 0.0830078
3 0.636068 0.51123 0.0325521 0.0673828
3 0.739583 0.471191 0.0598958 0.0615234
3 0.682292 0.48584 0.0416667 0.0517578
3 0.0579427 0.543457 0.0768229 0.0419922
3 0.260417 0.542969 0.0390625 0.0371094
3 0.919922 0.490723 0.0273438 0.0341797
3 0.0983073 0.483398 0.0351562 0.0332031
3 0.969401 0.499023 0.0377604 0.03125
3 0.977865 0.449219 0.0234375 0.0253906
3 0.184896 0.499512 0.0182292 0.0224609
