1 0.380208 0.199219 0.466146 0.347656
1 0.58724 0.575195 0.226562 0.234375
1 0.836589 0.748535 0.238281 0.192383
1 0.702474 0.393066 0.13151 0.19043
1 0.093099 0.660645 0.0455729 0.0732422
1 0.39388 0.631836 0.0559896 0.0644531
1 0.27474 0.617188 0.0703125 0.0625
1 0.031901 0.734863 0.0638021 0.0537109
1 0.470703 0.663574 0.0690104 0.0517578
1 0.304688 0.679688 0.0885417 0.0507812
1 0.166016 0.669922 0.0846354 0.0371094
1 0.323568 0.61084 0.0559896 0.0361328
1 0.093099 0.680176 0.10026 0.0361328
1 0.0423177 0.73584 0.0846354 0.0361328
