5 0.525391 0.70752 0.691406 0.231445
1 0.708333 0.138672 0.200521 0.191406
1 0.921224 0.49707 0.157552 0.177734
1 0.690104 0.380859 0.143229 0.177734
1 0.182292 0.251465 0.216146 0.147461
1 0.662109 0.258789 0.170573 0.134766
5 0.105469 0.540039 0.210938 0.115234
1 0.905599 0.427246 0.11849 0.0966797
1 0.322917 0.353516 0.140625 0.0878906
1 0.53776 0.346191 0.104167 0.0693359
1 0.695312 0.42627 0.169271 0.0673828
1 0.429688 0.369629 0.0494792 0.0654297
1 0.350911 0.625488 0.139323 0.0615234
5 0.47526 0.436523 0.122396 0.0546875
1 0.595052 0.390625 0.148438 0.0527344
1 0.414714 0.477539 0.128906 0.0507812
1 0.150391 0.448242 0.0794271 0.0449219
1 0.340495 0.44043 0.0950521 0.0410156
1 0.0299479 0.44873 0.0598958 0.0361328
1 0.101562 0.450684 0.0625 0.0361328
1 0.224609 0.481934 0.0325521 0.0322266
1 0.333984 0.408203 0.0924479 0.0449219
