1 0.938965 0.656901 0.118164 0.147135
1 0.95752 0.494141 0.0830078 0.165365
1 0.807617 0.328125 0.0527344 0.127604
1 0.681152 0.48112 0.116211 0.108073
1 0.743652 0.548828 0.172852 0.123698
1 0.481445 0.458333 0.123047 0.130208
1 0.547852 0.224609 0.117188 0.134115
1 0.580078 0.19401 0.0605469 0.0546875
1 0.319824 0.152995 0.112305 0.0585938
1 0.317383 0.511719 0.113281 0.143229
1 0.0922852 0.384766 0.0732422 0.0898438
1 0.117188 0.274089 0.0644531 0.0950521
1 0.0859375 0.20638 0.0566406 0.0716146
1 0.729004 0.152995 0.0908203 0.0481771
1 0.0688477 0.03125 0.0634766 0.0390625
