1 0.274089 0.509766 0.339844 0.146484
1 0.875 0.641113 0.247396 0.125977
1 0.65625 0.310547 0.203125 0.109375
1 0.164062 0.330078 0.328125 0.109375
1 0.539714 0.443848 0.285156 0.104492
1 0.453776 0.212891 0.355469 0.0996094
1 0.514974 0.289551 0.259115 0.0986328
1 0.244141 0.794922 0.264323 0.0976562
1 0.701823 0.0922852 0.348958 0.0966797
1 0.434245 0.778809 0.321615 0.0927734
1 0.869141 0.167969 0.261719 0.0917969
1 0.855469 0.839844 0.286458 0.0878906
1 0.850911 0.493652 0.298177 0.0849609
1 0.152995 0.678711 0.295573 0.0820312
1 0.734375 0.691895 0.247396 0.0771484
1 0.900391 0.391602 0.199219 0.0761719
1 0.0488281 0.927734 0.0976562 0.0761719
1 0.435547 0.80127 0.290365 0.0732422
1 0.565104 0.773438 0.195312 0.0722656
1 0.0442708 0.490723 0.0885417 0.0712891
1 0.853516 0.90918 0.292969 0.0703125
1 0.780599 0.413086 0.0794271 0.0683594
1 0.0397135 0.0571289 0.0794271 0.0693359
1 0.558594 0.853027 0.276042 0.0673828
1 0.44401 0.54541 0.135417 0.0673828
1 0.233073 0.27002 0.195312 0.0673828
1 0.0794271 0.851074 0.158854 0.0634766
1 0.388021 0.647461 0.223958 0.0625
1 0.704427 0.620117 0.132812 0.0566406
1 0.435547 0.72168 0.27474 0.0507812
1 0.90625 0.606934 0.184896 0.0498047
1 0.336589 0.978027 0.269531 0.0439453
1 0.689453 0.978027 0.266927 0.0439453
1 0.0130208 0.130371 0.0260417 0.0498047
