1 0.034668 0.221354 0.0224609 0.0234375
1 0.0947266 0.233073 0.0214844 0.0234375
1 0.207031 0.319661 0.0429688 0.0950521
1 0.254883 0.433594 0.0625 0.078125
1 0.270508 0.42513 0.0449219 0.0898438
1 0.333008 0.412109 0.0410156 0.0768229
1 0.301758 0.546875 0.0585938 0.078125
1 0.418945 0.498047 0.0664062 0.0976562
1 0.399902 0.51888 0.0615234 0.0742188
1 0.470703 0.550781 0.078125 0.0911458
1 0.482422 0.46224 0.0546875 0.03125
1 0.557129 0.522135 0.0341797 0.0755208
1 0.659668 0.523438 0.116211 0.0755208
1 0.726074 0.6875 0.0732422 0.104167
1 0.912598 0.759766 0.0576172 0.0533854
1 0.981445 0.660807 0.0351562 0.0742188
1 0.752441 0.395182 0.0419922 0.0976562
1 0.82959 0.466146 0.0576172 0.0963542
1 0.457031 0.582682 0.0527344 0.0664062
