5 0.542969 0.131348 0.291667 0.114258
5 0.0878906 0.0966797 0.157552 0.0839844
7 0.717448 0.456055 0.21875 0.0800781
1 0.728516 0.0366211 0.292969 0.0732422
7 0.354167 0.598145 0.161458 0.0595703
1 0.742839 0.342285 0.144531 0.0498047
1 0.188802 0.0229492 0.109375 0.0458984
1 0.313802 0.0292969 0.0807292 0.0449219
1 0.476562 0.432129 0.200521 0.0439453
1 0.149089 0.316895 0.14974 0.0419922
1 0.478516 0.0449219 0.0768229 0.0390625
1 0.396484 0.0810547 0.0872396 0.0390625
1 0.791016 0.106445 0.110677 0.0371094
1 0.960938 0.228027 0.0520833 0.0361328
5 0.794271 0.17041 0.0729167 0.0341797
1 0.889323 0.107422 0.0911458 0.0332031
1 0.964844 0.10498 0.0677083 0.0322266
1 0.568359 0.20166 0.0351562 0.0322266
1 0.927083 0.135742 0.101562 0.03125
1 0.559896 0.0537109 0.0494792 0.03125
5 0.339844 0.355957 0.143229 0.0283203
1 0.842448 0.140625 0.0807292 0.0273438
1 0.729818 0.146484 0.0664062 0.0273438
1 0.0690104 0.0131836 0.0885417 0.0263672
7 0.177734 0.415039 0.115885 0.0253906
7 0.563802 0.35791 0.078125 0.0205078
1 0.891927 0.226562 0.0494792 0.0195312
1 0.988932 0.235352 0.0221354 0.0195312
