5 0.227051 0.289714 0.0712891 0.14974
5 0.504395 0.124349 0.108398 0.0898438
5 0.334961 0.563151 0.0878906 0.0794271
1 0.448242 0.787109 0.0292969 0.0559896
1 0.265625 0.897135 0.0253906 0.0520833
1 0.470703 0.488281 0.0195312 0.046875
1 0.676758 0.674479 0.0136719 0.0416667
1 0.28418 0.647786 0.0195312 0.0351562
1 0.253906 0.615885 0.0175781 0.0286458
1 0.697266 0.759115 0.0136719 0.0260417
1 0.613281 0.690755 0.0234375 0.0247396
1 0.391602 0.823568 0.03125 0.0247396
1 0.373535 0.340495 0.00878906 0.0247396
1 0.369629 0.427734 0.00878906 0.0247396
1 0.310547 0.638021 0.0136719 0.0234375
1 0.348145 0.363932 0.0107422 0.0169271
1 0.372559 0.263021 0.0107422 0.015625
1 0.307617 0.870443 0.0273438 0.0143229
1 0.197266 0.199219 0.00585938 0.0104167
1 0.632324 0.676432 0.0185547 0.00911458
5 0.57373 0.645833 0.0595703 0.171875
