1 0.134115 0.210938 0.0989583 0.0800781
5 0.0605469 0.359375 0.121094 0.0703125
7 0.652995 0.511719 0.18099 0.0625
5 0.275391 0.0825195 0.0898438 0.0615234
5 0.0520833 0.0756836 0.101562 0.0615234
1 0.226562 0.03125 0.138021 0.0527344
1 0.509115 0.074707 0.046875 0.0498047
1 0.192057 0.404297 0.0611979 0.0488281
7 0.259766 0.483398 0.144531 0.046875
1 0.389323 0.0854492 0.0911458 0.0439453
1 0.227214 0.0268555 0.0976562 0.0400391
1 0.540365 0.174316 0.078125 0.0400391
1 0.404297 0.192383 0.0559896 0.0390625
1 0.608073 0.18457 0.0651042 0.0390625
1 0.479818 0.114746 0.0690104 0.0380859
1 0.390625 0.115723 0.0729167 0.0361328
1 0.424479 0.0405273 0.0989583 0.0341797
1 0.813151 0.0966797 0.108073 0.0332031
1 0.660807 0.081543 0.0976562 0.0322266
1 0.908854 0.0981445 0.0572917 0.0322266
1 0.655599 0.144043 0.0924479 0.0322266
1 0.492839 0.0390625 0.0690104 0.03125
1 0.58138 0.101562 0.0872396 0.03125
1 0.830729 0.186035 0.104167 0.0302734
1 0.171875 0.439941 0.0390625 0.0302734
1 0.890625 0.133789 0.0651042 0.0292969
1 0.733073 0.137695 0.0703125 0.0292969
1 0.770833 0.169434 0.104167 0.0283203
1 0.545573 0.344727 0.0651042 0.0273438
1 0.666016 0.102539 0.0976562 0.0234375
