3 0.209635 0.319336 0.0989583 0.109375
3 0.171875 0.321777 0.0416667 0.0908203
3 0.782552 0.383301 0.0625 0.0791016
3 0.905599 0.385254 0.0611979 0.0693359
3 0.971354 0.390137 0.0546875 0.0556641
3 0.611979 0.387695 0.0338542 0.0546875
3 0.395833 0.533691 0.208333 0.0498047
3 0.638021 0.378418 0.0520833 0.0498047
3 0.586589 0.386719 0.0325521 0.0488281
3 0.422526 0.353516 0.0638021 0.046875
3 0.337891 0.348145 0.0455729 0.0439453
3 0.453125 0.360352 0.0416667 0.0390625
3 0.38737 0.362793 0.0429688 0.0361328
