1 0.323568 0.0888672 0.139323 0.177734
1 0.199219 0.0805664 0.0911458 0.161133
1 0.542969 0.183594 0.164062 0.152344
5 0.595703 0.533691 0.147135 0.147461
1 0.212891 0.293457 0.0690104 0.0810547
5 0.330729 0.618652 0.111979 0.0751953
1 0.317057 0.38916 0.105469 0.0693359
1 0.078776 0.39502 0.0742188 0.0673828
1 0.0292969 0.453125 0.0585938 0.0585938
1 0.100911 0.322754 0.113281 0.0556641
1 0.398438 0.358887 0.169271 0.0537109
1 0.122396 0.443848 0.0729167 0.0537109
1 0.0397135 0.387207 0.0768229 0.0478516
1 0.158203 0.368652 0.0898438 0.0400391
1 0.257161 0.30957 0.0976562 0.0351562
1 0.290365 0.278809 0.0807292 0.0341797
