1 0.435547 0.0927734 0.217448 0.185547
1 0.047526 0.0766602 0.0950521 0.15332
1 0.470703 0.246094 0.0898438 0.111328
1 0.301432 0.257324 0.115885 0.110352
1 0.504557 0.282715 0.0585938 0.104492
1 0.719401 0.310547 0.105469 0.0878906
1 0.366536 0.515137 0.115885 0.0791016
1 0.272135 0.331055 0.0859375 0.0742188
1 0.911458 0.0371094 0.122396 0.0742188
5 0.352865 0.601074 0.127604 0.0732422
5 0.852214 0.666016 0.173177 0.0683594
1 0.326823 0.360352 0.0833333 0.0585938
5 0.919922 0.492676 0.105469 0.0361328
7 0.908203 0.834473 0.10026 0.0302734
1 0.839193 0.561035 0.108073 0.0283203
1 0.977865 0.793945 0.0416667 0.0410156
