1 0.529297 0.220052 0.0839844 0.15625
1 0.586914 0.228516 0.0664062 0.152344
1 0.685059 0.412109 0.0966797 0.144531
1 0.48291 0.0709635 0.0947266 0.141927
1 0.0268555 0.658854 0.0400391 0.132812
1 0.591797 0.792969 0.105469 0.130208
1 0.53418 0.508464 0.0839844 0.123698
1 0.814453 0.399089 0.0566406 0.123698
1 0.574219 0.421875 0.0703125 0.122396
1 0.358398 0.782552 0.0429688 0.119792
1 0.473145 0.235677 0.0576172 0.119792
1 0.654785 0.296875 0.0693359 0.119792
1 0.619141 0.373698 0.0898438 0.117188
1 0.279785 0.659505 0.0380859 0.115885
1 0.48291 0.440755 0.0751953 0.102865
1 0.26709 0.361328 0.0380859 0.0898438
1 0.228027 0.548828 0.0302734 0.0898438
1 0.319336 0.415365 0.0273438 0.0885417
1 0.330078 0.613281 0.0292969 0.0885417
1 0.14502 0.548828 0.0263672 0.0846354
1 0.580566 0.539062 0.0732422 0.0833333
1 0.603516 0.619792 0.0507812 0.0807292
1 0.322266 0.303385 0.0351562 0.078125
1 0.340332 0.695964 0.0283203 0.0768229
1 0.165039 0.436849 0.0292969 0.0742188
1 0.221191 0.440755 0.0263672 0.0690104
1 0.447754 0.167969 0.0419922 0.0651042
1 0.354492 0.239583 0.0234375 0.0625
1 0.0537109 0.509115 0.0214844 0.0625
1 0.303223 0.526693 0.0244141 0.0585938
1 0.332031 0.531901 0.0332031 0.0585938
1 0.391113 0.317057 0.0439453 0.0481771
1 0.46582 0.704427 0.0195312 0.046875
1 0.48291 0.871745 0.0205078 0.0455729
1 0.416504 0.876302 0.0283203 0.0442708
1 0.407715 0.250651 0.0322266 0.0429688
1 0.20459 0.160807 0.0185547 0.0429688
1 0.508789 0.741536 0.0175781 0.0429688
1 0.196289 0.0188802 0.0234375 0.0377604
1 0.812012 0.623047 0.0517578 0.0377604
1 0.447754 0.742188 0.00878906 0.0364583
1 0.422363 0.833333 0.0166016 0.0338542
1 0.461426 0.770182 0.0126953 0.0325521
1 0.269531 0.195964 0.0136719 0.0299479
1 0.228027 0.173177 0.0263672 0.0286458
1 0.210938 0.115885 0.0273438 0.0286458
1 0.219238 0.220703 0.0107422 0.0247396
1 0.436523 0.746745 0.0117188 0.0247396
1 0.179199 0.219401 0.0205078 0.0247396
1 0.26416 0.078125 0.0166016 0.0234375
1 0.295898 0.149089 0.0195312 0.0221354
1 0.313965 0.136719 0.0126953 0.0182292
1 0.942871 0.788411 0.000976562 0.00130208
7 0.354492 0.530599 0.0664062 0.316406
