1 0.832031 0.74349 0.0175781 0.0546875
1 0.534668 0.420573 0.0146484 0.046875
1 0.577637 0.789062 0.0302734 0.0416667
1 0.833984 0.876302 0.0117188 0.0416667
1 0.670898 0.291667 0.0234375 0.0416667
1 0.631348 0.803385 0.0185547 0.0416667
1 0.60791 0.296875 0.0244141 0.0416667
1 0.610352 0.852214 0.015625 0.0377604
1 0.605469 0.407552 0.0195312 0.0364583
1 0.573242 0.294922 0.0332031 0.0351562
1 0.26709 0.333984 0.0517578 0.0351562
1 0.753906 0.873047 0.03125 0.0325521
1 0.522949 0.376953 0.0205078 0.0325521
1 0.766602 0.815755 0.0488281 0.0325521
1 0.356445 0.322266 0.015625 0.0299479
1 0.567871 0.358724 0.0166016 0.0299479
1 0.878418 0.597005 0.0322266 0.0299479
1 0.464355 0.228516 0.0244141 0.0299479
1 0.867188 0.741536 0.0410156 0.0273438
1 0.844238 0.908203 0.0166016 0.0247396
5 0.541504 0.138672 0.0654297 0.0247396
1 0.767578 0.798828 0.0214844 0.0221354
1 0.815918 0.507812 0.0224609 0.0208333
1 0.0317383 0.365885 0.0185547 0.0208333
1 0.0673828 0.38737 0.015625 0.0195312
1 0.493652 0.42513 0.0302734 0.0195312
1 0.560547 0.444661 0.0078125 0.0195312
1 0.0336914 0.457031 0.0361328 0.0182292
1 0.764648 0.513021 0.0175781 0.0182292
1 0.814453 0.901042 0.0253906 0.0182292
1 0.461426 0.467448 0.0283203 0.0182292
1 0.52002 0.408854 0.0205078 0.0182292
1 0.669434 0.5 0.0185547 0.0182292
1 0.849609 0.518229 0.0234375 0.0182292
1 0.546387 0.508464 0.0205078 0.0169271
1 0.0327148 0.478516 0.0341797 0.0169271
1 0.67334 0.404297 0.0126953 0.0169271
1 0.362793 0.225911 0.0400391 0.0169271
1 0.464844 0.441406 0.015625 0.015625
1 0.3125 0.195964 0.0136719 0.0143229
1 0.400391 0.197266 0.0117188 0.0143229
1 0.699707 0.518229 0.0146484 0.0130208
1 0.30957 0.338542 0.0175781 0.0130208
1 0.425781 0.276042 0.015625 0.0104167
1 0.34082 0.242839 0.00976562 0.00911458
