5 0.833333 0.404297 0.309896 0.0820312
1 0.34375 0.875977 0.117188 0.0820312
1 0.0598958 0.321289 0.119792 0.078125
5 0.483724 0.603027 0.240885 0.0673828
1 0.326823 0.349609 0.179688 0.0664062
5 0.81901 0.570312 0.216146 0.0625
5 0.952474 0.713867 0.0950521 0.0527344
1 0.416016 0.401855 0.152344 0.0498047
1 0.0664062 0.462891 0.132812 0.0488281
1 0.25 0.387207 0.179688 0.0478516
1 0.046224 0.421875 0.0898438 0.0449219
1 0.386719 0.544922 0.182292 0.0449219
1 0.388021 0.471191 0.145833 0.0439453
1 0.463542 0.432617 0.135417 0.0429688
1 0.349609 0.422363 0.126302 0.0400391
1 0.189453 0.422852 0.139323 0.0371094
1 0.504557 0.459961 0.126302 0.0371094
1 0.146484 0.447754 0.0872396 0.0322266
