1 0.282552 0.103027 0.09375 0.200195
5 0.644531 0.524902 0.244792 0.135742
1 0.446615 0.206055 0.158854 0.134766
1 0.155599 0.296875 0.0742188 0.0742188
5 0.279948 0.603516 0.117188 0.0703125
1 0.23763 0.391113 0.134115 0.0654297
5 0.0683594 0.6875 0.121094 0.0644531
1 0.0397135 0.393555 0.0559896 0.0644531
1 0.323568 0.354492 0.160156 0.0546875
1 0.046875 0.324219 0.09375 0.0527344
1 0.0872396 0.435547 0.0546875 0.0488281
1 0.0911458 0.367188 0.0755208 0.0410156
1 0.22526 0.279297 0.0651042 0.0332031
1 0.194661 0.308105 0.0690104 0.0322266
1 0.147786 0.0805664 0.11849 0.161133
