1 0.390625 0.85026 0.0742188 0.0885417
1 0.353027 0.786458 0.0595703 0.0911458
1 0.333496 0.754557 0.0537109 0.0950521
1 0.289551 0.716146 0.0302734 0.078125
1 0.461426 0.740885 0.0673828 0.0989583
1 0.490234 0.667969 0.0585938 0.0859375
1 0.416016 0.680339 0.0683594 0.0898438
1 0.387695 0.720052 0.0449219 0.0494792
1 0.489258 0.541016 0.0722656 0.10026
1 0.557129 0.391276 0.0888672 0.134115
1 0.509277 0.425781 0.0576172 0.0625
1 0.393066 0.466797 0.0673828 0.0585938
1 0.432617 0.376953 0.0527344 0.0768229
1 0.402832 0.334635 0.0654297 0.0807292
1 0.538086 0.190104 0.0605469 0.0989583
1 0.483887 0.0917969 0.0791016 0.173177
1 0.440918 0.779948 0.0576172 0.0234375
1 0.486816 0.348958 0.0673828 0.0494792
1 0.505371 0.139323 0.0439453 0.0729167
