1 0.436523 0.408854 0.0820312 0.0494792
1 0.418945 0.534505 0.0683594 0.0533854
1 0.466309 0.604167 0.0869141 0.0598958
1 0.759277 0.664714 0.129883 0.0664062
1 0.744141 0.5625 0.109375 0.0755208
1 0.725586 0.582682 0.101562 0.0768229
1 0.508789 0.727214 0.0859375 0.0429688
1 0.727539 0.902995 0.126953 0.102865
1 0.115723 0.448568 0.22168 0.165365
1 0.153809 0.347005 0.200195 0.11849
1 0.338867 0.515625 0.0585938 0.0546875
1 0.359863 0.621094 0.0888672 0.0572917
1 0.567383 0.507161 0.0898438 0.0559896
1 0.592773 0.443359 0.0742188 0.0638021
1 0.952148 0.636068 0.09375 0.0716146
1 0.589355 0.600911 0.0615234 0.0351562
1 0.457031 0.470703 0.0742188 0.0585938
1 0.687988 0.52474 0.0830078 0.0416667
1 0.328125 0.600911 0.0546875 0.0429688
1 0.237305 0.570964 0.101562 0.0507812
1 0.321289 0.533203 0.0664062 0.0481771
1 0.383301 0.413411 0.0595703 0.0429688
1 0.134766 0.260417 0.0410156 0.0729167
1 0.353027 0.317057 0.176758 0.0872396
1 0.68457 0.352865 0.03125 0.0364583
1 0.241211 0.46875 0.0742188 0.03125
1 0.866699 0.8125 0.0341797 0.0833333
1 0.827637 0.833984 0.0341797 0.0768229
1 0.783203 0.942708 0.0820312 0.0546875
1 0.263184 0.369792 0.0517578 0.0494792
1 0.222656 0.385417 0.0664062 0.0364583
1 0.929199 0.659505 0.0458984 0.0507812
1 0.964844 0.750651 0.0390625 0.0559896
1 0.53125 0.46224 0.0253906 0.0260417
1 0.569824 0.494141 0.0498047 0.0351562
1 0.68457 0.50651 0.0859375 0.101562
1 0.273926 0.638021 0.0595703 0.0442708
1 0.484863 0.261719 0.0322266 0.0364583
1 0.45752 0.266276 0.0302734 0.0221354
1 0.450684 0.295573 0.0361328 0.0364583
