1 0.432617 0.259115 0.107422 0.1875
1 0.730957 0.322266 0.170898 0.173177
1 0.457031 0.896484 0.107422 0.170573
1 0.0400391 0.154297 0.0703125 0.157552
1 0.409668 0.45638 0.0712891 0.136719
1 0.663086 0.904948 0.0996094 0.104167
1 0.356934 0.872396 0.161133 0.101562
1 0.134766 0.947917 0.0820312 0.101562
1 0.188477 0.929688 0.0625 0.101562
1 0.0551758 0.716797 0.0419922 0.0924479
1 0.32666 0.423828 0.0458984 0.0820312
1 0.0673828 0.399089 0.046875 0.0638021
1 0.0678711 0.0279948 0.0498047 0.0559896
