1 0.791016 0.0498047 0.196615 0.0996094
1 0.507161 0.66748 0.222656 0.0908203
1 0.9375 0.0581055 0.122396 0.0908203
1 0.11263 0.105469 0.19401 0.0898438
1 0.0703125 0.782227 0.140625 0.0878906
1 0.861979 0.199707 0.273438 0.0849609
1 0.919271 0.952637 0.158854 0.0849609
1 0.617188 0.958008 0.184896 0.0820312
1 0.750651 0.893066 0.16276 0.0791016
1 0.542318 0.0947266 0.292969 0.0761719
1 0.302734 0.59668 0.18099 0.0761719
1 0.910156 0.786621 0.177083 0.0751953
1 0.717448 0.409668 0.252604 0.0751953
1 0.410807 0.57959 0.25651 0.0751953
1 0.189453 0.205078 0.246094 0.0742188
1 0.75651 0.306641 0.223958 0.0742188
1 0.921224 0.600098 0.157552 0.0732422
1 0.572917 0.753418 0.226562 0.0732422
1 0.931641 0.855957 0.136719 0.0732422
1 0.651042 0.668457 0.15625 0.0732422
1 0.0429688 0.871582 0.0859375 0.0712891
1 0.878255 0.700684 0.217448 0.0712891
1 0.323568 0.941406 0.173177 0.0703125
1 0.520833 0.783691 0.205729 0.0693359
1 0.461589 0.386719 0.220052 0.0664062
1 0.871745 0.630371 0.209635 0.0654297
1 0.672526 0.314453 0.147135 0.0644531
1 0.626953 0.606445 0.18099 0.0644531
1 0.511068 0.86084 0.167969 0.0634766
1 0.792318 0.44873 0.22526 0.0634766
1 0.730469 0.809082 0.177083 0.0634766
1 0.622396 0.03125 0.164062 0.0625
1 0.0403646 0.183594 0.0807292 0.0625
1 0.63737 0.223145 0.22526 0.0595703
1 0.0644531 0.365723 0.128906 0.0615234
1 0.277344 0.262695 0.190104 0.0585938
1 0.171875 0.384766 0.148438 0.0585938
1 0.601562 0.182617 0.200521 0.0585938
1 0.765625 0.54248 0.286458 0.0576172
1 0.415365 0.449219 0.169271 0.0566406
1 0.371745 0.820801 0.21224 0.0556641
1 0.478516 0.316895 0.22526 0.0556641
1 0.0247396 0.268555 0.0494792 0.0546875
1 0.239583 0.888672 0.15625 0.0546875
1 0.17513 0.334473 0.21224 0.0537109
1 0.190104 0.491211 0.276042 0.0507812
1 0.940755 0.449219 0.11849 0.0507812
1 0.484375 0.969238 0.132812 0.0498047
1 0.078776 0.59668 0.157552 0.0507812
1 0.19987 0.719727 0.204427 0.0488281
1 0.0390625 0.437988 0.078125 0.0458984
1 0.761719 0.492676 0.210938 0.0458984
1 0.94987 0.41748 0.10026 0.0439453
1 0.261719 0.464844 0.184896 0.0410156
1 0.946615 0.672363 0.104167 0.0634766
