2 0.327474 0.33252 0.157552 0.15332
2 0.317708 0.761719 0.216146 0.152344
2 0.395833 0.563965 0.184896 0.12207
2 0.752604 0.548828 0.257812 0.109375
2 0.218099 0.443848 0.188802 0.100586
2 0.502604 0.796387 0.190104 0.0888672
2 0.858073 0.616699 0.153646 0.0654297
2 0.184245 0.730469 0.0924479 0.0566406
2 0.749349 0.859375 0.170573 0.0566406
2 0.55599 0.893555 0.119792 0.0546875
2 0.860026 0.810547 0.121094 0.0527344
2 0.733724 0.927734 0.157552 0.046875
2 0.624349 0.751953 0.199219 0.0429688
2 0.934245 0.598145 0.13151 0.118164
