3 0.518066 0.658203 0.299805 0.199219
3 0.533203 0.460938 0.0488281 0.0885417
3 0.630371 0.461589 0.0400391 0.0846354
3 0.376953 0.51237 0.0429688 0.0690104
3 0.81543 0.429036 0.0371094 0.0690104
3 0.59375 0.468099 0.03125 0.0611979
3 0.474609 0.485026 0.0351562 0.0611979
3 0.459961 0.480469 0.0234375 0.0520833
3 0.746094 0.449219 0.0234375 0.0520833
3 0.737305 0.440755 0.0234375 0.0481771
3 0.679199 0.470052 0.0126953 0.0364583
3 0.702148 0.469401 0.0234375 0.0299479
3 0.82959 0.391927 0.0244141 0.0494792
