1 0.522135 0.194824 0.953125 0.387695
1 0.134766 0.239258 0.269531 0.228516
1 0.182292 0.477051 0.364583 0.223633
5 0.692057 0.505371 0.615885 0.204102
1 0.269531 0.741699 0.364583 0.12793
1 0.358073 0.587402 0.291667 0.0986328
1 0.929036 0.503418 0.141927 0.0810547
1 0.809896 0.845703 0.195312 0.078125
1 0.810547 0.582031 0.0794271 0.0664062
5 0.614583 0.826172 0.0989583 0.0644531
1 0.826823 0.641113 0.101562 0.0634766
1 0.645833 0.644043 0.130208 0.0556641
1 0.201823 0.636719 0.0885417 0.0488281
1 0.0371094 0.948242 0.0742188 0.0449219
1 0.527995 0.653809 0.0846354 0.0419922
1 0.322266 0.649414 0.0690104 0.0410156
1 0.590495 0.695312 0.0377604 0.0410156
1 0.44401 0.67334 0.0703125 0.0400391
1 0.608724 0.658691 0.102865 0.0361328
1 0.0364583 0.712891 0.0651042 0.0292969
1 0.433594 0.65332 0.0807292 0.0234375
