7 0.046224 0.802246 0.0924479 0.104492
7 0.634115 0.520508 0.236979 0.0996094
7 0.412109 0.513672 0.196615 0.0917969
5 0.507161 0.149414 0.214844 0.0605469
7 0.670573 0.430664 0.140625 0.0566406
5 0.320312 0.236816 0.158854 0.0498047
5 0.898438 0.27832 0.0833333 0.0488281
1 0.623047 0.0454102 0.110677 0.0439453
1 0.64974 0.0292969 0.104167 0.0410156
1 0.716797 0.0288086 0.110677 0.0380859
1 0.825521 0.0463867 0.0859375 0.0380859
1 0.385417 0.0273438 0.0494792 0.0371094
1 0.736328 0.0786133 0.0664062 0.0302734
1 0.783854 0.0126953 0.0755208 0.0253906
5 0.691406 0.203125 0.0989583 0.0429688
