2 0.730035 0.240234 0.217014 0.123047
2 0.655382 0.360352 0.196181 0.0917969
2 0.797743 0.606934 0.123264 0.0771484
2 0.960938 0.75 0.0746528 0.0703125
2 0.450521 0.70166 0.126736 0.0654297
2 0.804688 0.969238 0.182292 0.0595703
2 0.127604 0.776367 0.0607639 0.0566406
2 0.351562 0.468262 0.119792 0.0556641
2 0.494792 0.373047 0.09375 0.0488281
2 0.546007 0.717285 0.078125 0.0439453
2 0.227431 0.0205078 0.197917 0.0410156
2 0.118056 0.496582 0.0729167 0.0400391
2 0.884549 0.835938 0.0746528 0.0390625
2 0.0338542 0.400879 0.0434028 0.0341797
2 0.982639 0.644531 0.03125 0.03125
2 0.703993 0.464355 0.0885417 0.0302734
2 0.797743 0.367188 0.0503472 0.0292969
2 0.810764 0.771484 0.0555556 0.0273438
2 0.273438 0.618164 0.0711806 0.0234375
2 0.317708 0.942871 0.100694 0.0595703
