1 0.857422 0.114258 0.227865 0.226562
1 0.289062 0.0761719 0.276042 0.152344
1 0.479818 0.0639648 0.10026 0.12793
5 0.630859 0.525391 0.152344 0.115234
1 0.443359 0.278809 0.0898438 0.100586
5 0.147135 0.525391 0.111979 0.0839844
5 0.515625 0.656738 0.127604 0.0830078
1 0.115234 0.458984 0.0846354 0.0761719
1 0.287109 0.391602 0.0585938 0.0742188
1 0.227865 0.443359 0.0833333 0.0664062
1 0.682292 0.365723 0.158854 0.0654297
1 0.0247396 0.581543 0.0494792 0.0654297
1 0.337891 0.320801 0.128906 0.0654297
1 0.323568 0.449707 0.0585938 0.0654297
1 0.220703 0.384277 0.126302 0.0517578
1 0.0214844 0.619141 0.0429688 0.0507812
1 0.0683594 0.416992 0.136719 0.0507812
1 0.547526 0.27832 0.0950521 0.0488281
1 0.0559896 0.453125 0.111979 0.0488281
1 0.507161 0.312012 0.0794271 0.0478516
1 0.319661 0.384766 0.0638021 0.0429688
1 0.5625 0.370117 0.119792 0.078125
