7 0.384277 0.434245 0.0556641 0.144531
5 0.371582 0.625 0.0400391 0.130208
1 0.675293 0.79362 0.0146484 0.102865
1 0.615234 0.863281 0.0175781 0.101562
1 0.495117 0.684896 0.0253906 0.0911458
1 0.509277 0.436849 0.0224609 0.0638021
1 0.434082 0.701172 0.0107422 0.0429688
1 0.458984 0.602214 0.0117188 0.0377604
1 0.533203 0.768229 0.0292969 0.0286458
1 0.561035 0.748047 0.0166016 0.0247396
1 0.348633 0.865234 0.00585938 0.0221354
1 0.330078 0.890625 0.00976562 0.0208333
1 0.586914 0.945964 0.015625 0.0195312
1 0.259766 0.739583 0.00585938 0.0182292
1 0.489258 0.58138 0.0136719 0.0169271
1 0.320801 0.863932 0.00683594 0.0169271
1 0.480957 0.428385 0.0205078 0.015625
1 0.271484 0.701823 0.00390625 0.0130208
1 0.358398 0.822917 0.00976562 0.0104167
1 0.379395 0.850911 0.00878906 0.00911458
