2 0.302734 0.6875 0.126953 0.216146
2 0.321289 0.123047 0.0703125 0.199219
2 0.23291 0.780599 0.133789 0.186198
2 0.651855 0.755859 0.0791016 0.18099
2 0.217285 0.454427 0.125977 0.177083
2 0.709473 0.857422 0.0888672 0.175781
2 0.804199 0.50651 0.0986328 0.174479
2 0.140137 0.524089 0.106445 0.16276
2 0.358887 0.719401 0.0966797 0.160156
2 0.977539 0.664062 0.0429688 0.161458
2 0.277832 0.163411 0.0615234 0.154948
2 0.519043 0.143229 0.0458984 0.153646
2 0.601562 0.416016 0.126953 0.152344
2 0.574219 0.828125 0.0703125 0.151042
2 0.565918 0.220703 0.0478516 0.14974
2 0.624512 0.508464 0.100586 0.14974
2 0.426758 0.26888 0.113281 0.147135
2 0.422363 0.199219 0.0634766 0.143229
2 0.70752 0.499349 0.0947266 0.139323
2 0.779297 0.395182 0.0703125 0.139323
2 0.845703 0.360677 0.0644531 0.138021
2 0.864746 0.670573 0.0751953 0.138021
2 0.138184 0.740234 0.102539 0.136719
2 0.496582 0.651693 0.104492 0.136719
2 0.327148 0.891276 0.0839844 0.136719
2 0.0820312 0.0683594 0.146484 0.134115
2 0.398438 0.611328 0.0839844 0.13151
2 0.354492 0.421224 0.148438 0.123698
2 0.741211 0.119792 0.0917969 0.122396
2 0.779785 0.267578 0.0966797 0.121094
2 0.696777 0.692057 0.0478516 0.11849
2 0.502441 0.483073 0.0771484 0.114583
2 0.621094 0.28125 0.0527344 0.114583
2 0.586426 0.0553385 0.0615234 0.108073
2 0.498535 0.0540365 0.0537109 0.105469
2 0.687988 0.416016 0.0693359 0.105469
2 0.341797 0.946615 0.115234 0.104167
2 0.259277 0.535156 0.0732422 0.104167
2 0.894531 0.393229 0.0449219 0.104167
2 0.855957 0.794271 0.0888672 0.101562
2 0.750977 0.354167 0.0410156 0.0963542
2 0.424316 0.494141 0.0576172 0.0898438
2 0.89502 0.323568 0.0576172 0.0898438
2 0.342285 0.501302 0.0810547 0.0859375
2 0.770508 0.0442708 0.0859375 0.0859375
2 0.226562 0.186849 0.0742188 0.0846354
2 0.244629 0.361979 0.0595703 0.0807292
2 0.347168 0.339193 0.0791016 0.0794271
2 0.66748 0.620443 0.0537109 0.0742188
2 0.631348 0.736328 0.0927734 0.0716146
2 0.561035 0.938151 0.0478516 0.0716146
2 0.513672 0.389323 0.0898438 0.0703125
2 0.363281 0.826823 0.101562 0.0677083
2 0.671875 0.347005 0.0410156 0.0638021
2 0.929199 0.660156 0.0615234 0.0598958
2 0.212891 0.547526 0.0292969 0.0533854
